100 100
155 134 476 -758 -350 52 495 -24 70 999 690 138 788 -893 298 -60 -624 -341 -869 -128 -694 -691 635 -298 -33 -944 -322 -127 -839 -939 -343 636 -912 -805 -247 564 -787 -749 406 -971 16 -22 -597 466 681 944 -253 -246 -89 300 -735 -5 224 -552 -254 -932 -334 308 -324 914 709 36 -69 761 7 275 -265 669 -314 179 440 -724 -669 567 -660 776 -131 718 475 -222 289 328 -750 304 0 857 -646 406 -567 -698 -360 -554 277 168 997 -216 965 -401 -818 -409 
846 -208 382 737 369 -108 996 478 945 -498 39 -244 168 -948 -459 -379 547 897 -872 -243 758 -307 647 107 150 -205 600 42 -737 -292 -559 -738 490 395 -405 -766 -206 912 -662 -808 666 151 163 -953 -647 884 600 -72 -147 -50 258 -175 -475 -479 757 -782 -250 84 968 434 -492 470 824 -186 848 772 531 643 336 -306 -70 -778 633 892 -550 717 -239 -960 -541 -892 846 -3 268 828 -127 239 898 -838 436 975 -507 -750 -490 -173 115 164 -191 974 399 -440 
-930 -796 100 853 -736 388 -730 820 -808 702 -477 -60 413 -669 -452 662 71 67 -546 121 -393 623 317 -13 630 -42 -878 895 949 -746 -547 -403 -631 278 -326 -425 755 908 -342 403 -368 819 942 -981 -682 -75 -28 -688 -287 -533 -304 431 254 962 -147 451 926 741 -140 142 -436 -273 -443 193 168 -257 -936 938 216 101 63 153 606 -253 -643 805 -203 147 -456 404 -649 914 -264 624 -835 226 -610 594 -74 502 -740 405 -444 283 246 -713 -297 121 -379 607 
329 -629 -188 -758 -137 123 -258 299 28 -294 880 38 -572 -261 -352 915 -510 -104 -441 -515 -960 828 -112 414 -202 727 322 23 -389 -860 326 528 953 623 995 -475 712 419 791 -639 -628 631 585 838 497 826 177 -869 156 183 -369 646 700 749 -544 -266 -293 -937 -995 -295 866 -726 -401 -489 -16 167 16 430 -841 422 -852 612 342 900 660 138 796 -949 182 244 299 276 -665 660 770 853 212 686 773 -378 355 877 163 255 -666 -85 181 228 40 954 
-996 -17 -193 13 811 -505 80 -21 -828 77 693 454 -559 -714 -613 -968 197 582 129 311 -680 -93 -1 872 -849 442 -164 -393 304 167 -185 215 817 -781 430 428 580 -138 649 -540 -81 304 -307 -254 -612 437 344 -384 428 779 -818 392 895 724 -989 -326 -654 -735 -314 764 69 438 -253 573 176 -97 287 -70 302 870 401 317 -200 493 -613 -515 -340 241 -283 497 660 863 568 -991 318 985 -503 105 -996 -298 234 -808 684 67 -464 -657 818 -304 -143 -220 
738 -718 615 848 -511 676 -101 906 -443 -990 -595 899 -9 -672 -19 -776 -736 14 -918 -901 381 -15 924 150 148 978 -521 635 -721 74 444 -973 -117 -503 74 -40 -569 -700 -202 878 -383 586 -466 -586 201 -116 130 -678 206 706 -527 -748 -361 -91 -340 -178 -922 300 415 -969 993 -140 -823 988 953 -142 434 117 496 -712 429 -19 -815 959 877 509 881 845 -646 428 308 -413 -143 550 -129 -171 647 63 814 877 95 194 75 -465 101 -817 430 -765 838 -871 
27 -408 -632 670 -108 -667 -815 -13 -732 -240 181 -954 -120 340 182 -387 -979 -393 -151 917 728 -165 515 88 -189 -608 -688 512 562 -159 855 -44 -722 90 265 -744 593 217 910 -676 -185 -824 -685 577 -619 751 -704 -796 314 -168 167 661 -602 787 761 537 -371 -567 -331 -512 -782 988 -302 875 283 35 424 -310 776 -21 693 861 -865 -676 582 507 -617 -679 686 -649 151 -631 719 763 931 938 -364 432 947 609 -625 -91 -610 -848 -526 -996 -403 694 483 650 
-499 -713 -694 133 391 -653 385 -695 599 823 -472 -115 -317 -613 -428 464 731 280 33 -355 601 327 416 -848 -281 406 -744 -753 378 959 -515 -955 895 -994 -377 786 -897 -197 -506 -293 966 -415 90 -330 -634 -202 -194 -196 -241 -926 383 -894 -784 329 320 861 -923 804 898 -582 -547 -190 28 142 -128 602 -922 -919 549 767 788 10 -893 -391 -921 -633 309 -108 -427 447 694 -812 500 514 -543 -370 -898 -266 145 681 -210 294 -139 -960 -454 732 3 609 191 -19 
158 522 524 -548 -421 273 -801 -806 -443 -758 -524 -808 -105 -681 535 694 732 842 -852 89 -719 891 -724 896 -873 21 -44 -251 399 603 -78 -692 69 277 162 175 -899 -97 901 -519 115 -225 813 -642 -239 -546 -511 746 286 -888 581 -5 -651 -362 534 646 -467 759 232 95 890 973 578 65 -435 -267 -29 -566 -641 -484 373 -993 403 10 -201 175 878 394 143 130 690 -401 566 -921 181 155 920 917 718 -601 -896 281 548 531 -391 -545 642 -180 -457 503 
527 511 -31 -711 527 -982 482 941 -22 -220 349 951 679 -426 576 -403 164 -377 231 935 560 -368 285 276 435 -140 428 365 -217 -157 546 446 455 -455 -820 -252 -410 27 -490 -93 -23 -891 -168 912 483 191 52 -957 -238 -262 -859 -79 610 -811 787 438 78 -805 533 94 888 -358 342 -883 541 -102 994 -212 -557 845 -492 -806 484 79 -607 581 -859 266 135 -910 -770 -47 748 569 -587 894 644 -971 -325 -344 -264 -611 -961 -17 125 803 -296 -919 -361 782 
449 -422 972 802 366 874 -599 268 680 398 556 45 -785 -755 -469 77 -976 -486 -664 -744 -465 -524 443 -798 -776 977 -312 128 -104 815 -210 -120 459 -646 549 -874 -667 -46 -366 210 -63 -385 -731 989 -546 -723 -197 -961 527 -648 -866 -799 725 -483 -27 -915 554 -236 -321 -555 -654 -570 -297 -919 574 193 -734 -458 -635 -578 -754 -118 382 -731 717 953 -180 -548 -723 -808 617 658 -803 223 805 719 -798 -113 -793 -386 -110 -310 -923 193 -933 -879 948 -165 -664 -25 
957 -43 189 38 552 -439 -107 -127 913 249 807 -627 -346 -529 -925 822 -579 -471 -755 308 -128 -240 -522 -177 27 -96 879 381 -938 691 -312 -950 -966 368 -550 611 379 -190 -242 -213 -322 -576 -363 755 -155 426 -195 -673 869 -842 733 -901 554 580 -419 -784 -946 -128 -811 687 310 525 -619 -453 666 -290 -812 -657 -242 -22 653 884 -808 696 -569 130 -942 -471 -447 986 664 487 -815 382 -337 -736 936 -101 -229 504 48 968 723 752 -864 -381 -861 287 -872 -442 
334 -351 -946 428 -695 -891 39 115 129 331 -990 527 -723 -906 73 -869 -567 96 -623 591 -919 -848 915 -477 853 977 50 -378 412 -49 965 389 925 -733 -344 -873 252 -159 197 543 -182 658 763 803 -160 489 217 720 478 -938 813 447 -123 221 -797 91 -466 972 -335 518 214 563 -225 -255 842 266 -629 702 321 305 -535 -618 -434 781 13 862 792 -163 592 192 -750 894 630 -640 -123 844 -755 592 -656 -584 563 856 -663 625 633 662 -637 183 269 157 
918 -138 -16 -823 -784 172 -859 -559 -695 565 504 471 227 746 -608 -60 -642 351 847 -138 582 764 -338 296 758 -12 -663 -976 121 111 150 -946 -645 -972 -106 -822 330 938 -441 -485 933 -358 778 -665 -79 -601 -554 -337 -498 641 -122 143 225 -148 -858 26 -405 -50 -489 576 779 932 575 85 -10 827 -32 845 -938 -207 -930 563 -253 980 -692 -422 289 589 -243 749 175 867 690 -436 568 -587 643 191 -107 -839 -367 -976 -978 790 555 -695 -488 338 -155 793 
184 -929 -510 -692 -306 -708 -930 162 215 -14 -245 -269 -466 627 737 955 -492 83 134 582 -157 731 -782 491 -530 741 118 302 -893 -100 669 -17 -294 644 214 563 345 536 378 78 -640 20 20 -197 956 -339 -308 -67 -346 -313 -727 -284 37 444 431 616 21 567 -398 541 -934 -33 -679 746 -422 822 -201 -69 105 517 785 576 729 596 794 -23 545 -826 451 -889 -883 160 -620 -957 -417 -961 981 -205 -206 698 -798 429 -896 -209 -147 66 -658 -51 591 97 
111 -547 559 125 636 662 -334 -383 -271 831 268 -31 515 -868 -68 963 -644 -965 737 719 -84 750 236 478 339 -391 -703 -127 248 858 112 -347 891 -723 -559 -155 182 770 -393 -137 482 -996 -66 643 -372 -482 -36 607 956 -297 281 646 162 -652 9 390 150 944 -914 -24 -608 -749 -22 458 -735 -941 -496 -115 -116 -347 961 140 853 710 602 -689 378 84 100 -655 -54 703 523 -911 91 -610 -822 364 -289 -111 26 -420 859 10 158 -512 747 -154 -917 490 
-237 -339 411 -368 270 617 -597 817 548 -495 316 -931 -757 54 513 -903 -886 402 -215 -363 -254 -83 227 341 823 780 -928 257 866 747 -409 -544 503 -258 -699 -730 641 -835 15 388 -699 727 -414 547 -843 -395 15 -763 -702 63 -73 -231 995 144 444 384 852 671 135 -701 104 -481 -173 853 -505 580 910 173 -291 -907 -649 -950 -797 -469 -491 84 -549 -906 -965 463 -668 -439 441 651 2 296 -36 -178 -469 751 -991 -765 973 590 -747 -817 549 -593 -467 212 
315 157 -577 -117 -274 528 348 556 926 550 626 -682 -398 421 -869 -488 -154 64 873 727 -731 388 -9 660 453 -199 -690 -720 -132 -139 637 358 237 -808 895 233 -236 -270 -956 -234 -107 718 -992 -738 -256 42 282 -391 -54 407 -534 52 -827 -552 803 -295 958 -673 952 -862 337 57 -219 661 -588 -311 -546 709 255 26 -989 488 3 550 -335 890 143 -564 460 873 951 943 946 488 900 -906 13 975 590 -222 239 -499 627 -712 756 -375 111 347 482 -255 
516 -543 -721 -700 -674 -56 94 352 156 -569 392 -937 -182 80 814 193 458 670 387 857 381 305 22 -471 -73 999 -249 -376 694 -670 294 -233 -272 636 -642 -334 -625 698 423 516 -206 -132 175 266 36 583 -91 979 -971 -359 17 -616 -458 570 -902 -960 959 692 -209 651 -498 16 184 387 293 632 -354 -724 921 -920 40 -470 398 610 -650 187 -666 704 -395 271 286 6 491 -322 -149 -280 167 892 -457 -726 -939 -736 509 -977 -970 849 -44 198 394 86 
801 -375 -604 -793 -630 -109 918 -727 -178 209 -364 -371 -761 -70 619 -901 837 -484 123 441 -994 51 299 -526 -696 -821 790 -583 710 -722 -657 183 413 -495 136 824 -629 -501 -761 -750 988 112 -592 816 423 -519 -569 -652 758 425 -983 -692 202 -70 607 -772 -277 -823 -473 -671 -128 -357 -735 65 421 803 -927 -757 544 310 -172 -436 -579 492 -278 -813 -389 26 185 -149 -321 903 286 -379 976 -789 -730 -443 -488 88 -223 -676 882 598 -658 -58 -786 381 111 -434 
702 -879 823 652 253 -860 168 766 752 -701 -328 985 444 640 -950 -849 836 -684 -10 584 -314 494 -192 281 691 -895 -337 323 -316 372 715 297 882 -896 587 -167 -60 54 327 426 -838 129 459 416 335 -623 -411 438 537 -105 634 627 349 -891 974 196 -509 -715 -389 -676 -633 370 903 84 280 33 -158 568 235 910 707 37 -573 870 -401 872 -95 -468 -975 -345 -726 -807 -584 160 710 -397 -635 -871 -372 -624 -566 461 634 -289 -279 -539 -231 -129 836 506 
-696 921 -537 511 -36 867 729 -62 -965 -819 -744 -897 -399 988 30 -147 656 702 766 -914 -829 750 681 461 750 -450 -235 784 807 -272 491 -915 -503 818 -482 570 -718 -578 -793 753 627 986 404 -414 93 676 678 -452 -687 -743 961 -140 -53 -449 -56 -393 -407 -676 240 -439 -279 -437 441 -30 -929 -581 574 -673 -456 -944 654 685 363 291 -357 999 396 -591 -154 -220 800 -334 -619 305 -612 795 -55 -332 -252 379 583 -546 -379 -458 392 359 -428 -175 -251 997 
809 -367 -697 -907 992 338 -187 -896 383 321 867 -100 856 -268 -883 -662 -633 583 130 669 211 -91 -280 -567 -371 240 -272 409 -180 -253 -653 -118 674 -390 485 -818 -344 499 -610 -865 -34 575 -382 -173 345 -738 -607 784 -254 -243 -251 -854 184 -334 167 456 -124 -196 -734 862 -534 -924 87 244 -439 -807 -787 -182 881 476 -104 658 -294 528 -521 331 -428 653 792 -126 -760 -879 -290 439 38 569 -306 -24 -257 -135 -876 161 -939 -327 0 902 -447 -281 878 170 
-599 656 175 439 402 997 852 270 865 366 71 -14 -326 293 -752 -909 891 99 698 988 -844 789 477 -124 948 -994 -237 -38 57 958 166 239 -205 179 -442 6 517 -620 -642 790 -108 -782 93 -955 941 -797 181 775 669 -596 276 -501 28 -38 343 -327 -933 -81 688 693 635 -884 -183 -55 -839 337 -854 966 657 -570 -579 526 -308 64 -713 -734 -210 -814 439 840 -11 680 713 -551 106 73 427 760 -951 -595 200 493 -631 -178 957 -269 734 509 712 480 
-92 -266 -376 142 194 388 429 492 826 -978 273 -890 -480 524 -276 533 -938 -225 557 909 -690 -609 -622 -377 -409 185 -49 -156 762 -146 517 385 175 -614 382 -320 -597 76 780 -69 724 742 -938 108 -481 510 38 -438 -450 -21 -751 -746 -736 -302 -103 -925 156 -531 -774 -726 463 136 350 -528 245 -685 846 690 -43 -258 -994 -867 -839 454 -281 -138 -576 297 897 383 795 987 452 -81 949 209 -794 522 412 226 444 544 377 -996 484 538 208 -59 880 -138 
-898 -996 13 -940 950 868 -905 72 741 226 -448 -989 -747 32 -969 -904 -939 441 -231 546 -758 17 -242 443 -660 -494 850 -680 307 -712 928 -577 310 859 -793 -30 -524 729 831 -501 -952 68 -272 444 -847 -515 252 314 -570 226 544 253 -958 553 -419 -815 -565 731 -887 13 -721 -55 -487 120 -455 -324 -267 412 346 231 899 815 872 -440 -837 480 777 206 -113 886 -104 -386 -325 558 707 -779 -326 640 514 -992 955 819 -332 626 -959 -564 -967 -571 -978 812 
-699 -532 -175 -199 -71 355 -333 -766 871 576 955 214 499 -657 197 -199 536 -235 -212 780 -364 -402 -461 -968 150 612 -895 918 654 396 -502 -114 157 -191 759 60 -370 -999 -205 -45 -540 -524 -414 4 418 -261 648 885 732 875 327 63 -613 -544 260 -953 -557 -864 105 -454 201 368 -594 315 726 438 794 74 -513 -703 496 -556 53 -144 -985 221 -44 226 -18 -227 344 327 -511 756 984 548 284 725 -984 662 -966 -903 451 -107 887 505 -564 566 397 -970 
-431 -429 -371 282 -728 284 -792 709 603 642 372 981 187 -918 -709 914 732 -381 -534 607 -899 702 -617 -919 749 929 -943 -291 -706 -633 741 -961 -258 454 -767 -483 -647 534 872 228 -759 -496 -967 771 817 -570 -223 449 416 -571 -959 889 135 -116 333 603 -692 -11 -856 396 -585 -805 -841 34 -167 849 593 606 -545 358 -183 591 -483 74 -970 -713 -358 -583 -782 163 644 -783 531 -434 692 -423 709 683 410 -210 -729 -445 -464 -407 978 506 249 506 -453 145 
-637 -844 -432 601 781 -148 -622 -147 -708 -262 28 139 347 -904 -149 -494 -768 -910 -569 -112 917 502 529 -808 -836 -487 -862 621 616 919 -356 -531 198 658 -454 -727 665 270 -547 -333 878 -693 -29 -702 -113 266 -34 239 -644 -902 -795 -335 396 166 -486 -721 502 -878 952 726 139 -331 897 -194 -554 491 430 -592 901 -877 -201 -544 -545 -68 -254 -433 905 841 -794 -453 -161 836 -576 701 972 -151 -339 73 505 669 506 925 -477 -18 764 -832 -34 -120 369 234 
531 178 -164 -760 119 -885 814 -572 103 745 233 114 -230 151 952 -302 181 -261 48 55 -27 65 -471 -713 974 -483 692 -568 -629 977 -790 -888 963 -201 555 108 963 367 -251 266 -163 -942 96 -221 981 -106 -730 908 -741 -750 -976 -503 895 -955 -324 -725 842 -198 -757 -839 658 -759 148 -308 571 26 -483 -149 -761 -971 458 -879 133 -911 67 12 -822 -323 -700 379 -330 984 -189 -255 411 182 -670 994 700 177 -985 -130 185 417 -28 634 -16 -401 839 -683 
-361 820 -940 -183 -602 288 -897 -738 582 890 -767 361 160 421 -220 -816 -379 -539 92 -571 786 966 935 -535 -293 -14 -342 231 151 133 396 425 431 750 -313 662 -457 616 -475 528 473 320 792 -677 -289 -868 -779 501 -761 -749 446 -128 17 -382 -924 -24 192 -553 456 810 624 -579 -290 993 933 83 -911 266 84 71 -685 -917 -99 -570 24 -526 -802 758 121 93 -361 -978 -853 -99 459 -882 -418 -816 184 738 365 159 355 -341 -565 482 -75 195 582 -100 
609 -784 611 155 802 845 -683 -124 -641 -346 -348 878 -515 -960 -14 -7 129 -404 638 -797 -994 -87 514 -144 -72 641 874 -507 441 341 961 -314 741 880 -650 -284 704 627 640 93 -979 919 540 -280 -497 -256 286 -901 -931 -168 -693 670 247 -261 -343 -978 -337 245 522 482 566 423 698 414 -184 -997 -716 -57 -144 101 -153 -962 444 988 138 451 297 392 -601 -988 -142 -362 -580 -797 448 -814 -583 -629 -202 -940 -790 597 512 -853 -424 -998 196 -114 -336 -140 
-421 989 -913 647 -508 21 21 822 -103 -781 -889 -844 216 193 -994 13 43 387 754 361 707 527 -311 -155 -537 15 -212 -782 -14 -616 229 636 837 -6 -629 260 -134 51 -955 282 329 -610 610 248 -419 -220 -161 78 -378 -653 983 -632 356 643 227 -861 108 -443 551 -48 184 -671 -922 222 583 424 -996 21 26 -876 95 -769 452 140 901 695 -57 -987 -220 904 455 348 -186 -624 -862 -161 127 -8 -560 753 344 -425 212 635 296 255 -72 -994 542 -781 
942 -540 528 -375 -583 921 498 -309 -860 283 -131 795 47 701 971 84 625 724 -984 -888 -265 857 -582 -464 682 260 -668 -820 508 70 -105 139 988 944 0 118 981 106 986 241 -669 -888 473 944 -190 466 802 -998 -776 -484 58 510 220 -298 340 -340 -662 -929 -474 -598 732 -832 859 694 -256 -778 -424 -538 -214 -31 -851 -386 -98 658 413 -763 -345 240 -528 818 637 -414 -29 -426 -213 308 -153 948 203 88 515 -503 -370 21 323 20 76 774 -854 935 
-721 -678 59 267 -880 -463 -21 -958 77 -373 198 530 95 -564 453 828 -166 -782 864 364 -232 -167 -250 953 -386 -971 425 610 91 -142 137 -371 882 352 223 -147 7 -903 295 -877 223 221 -121 -481 -805 723 715 -558 294 -452 852 -505 -180 125 224 34 -856 -652 -81 -831 -507 -147 819 -398 42 435 -505 33 576 -845 963 -223 -548 982 959 661 482 -4 450 -410 568 287 906 754 -703 -516 -270 -679 -759 977 -877 436 -766 672 317 757 -549 450 -370 638 
-527 -88 805 -24 -774 528 402 -756 951 173 391 -870 -678 438 733 46 -347 -143 189 978 444 188 183 950 -365 -924 445 -571 -930 186 -574 -659 68 213 996 134 796 -998 -52 -509 -58 18 -796 -975 378 -98 944 207 656 -301 266 934 246 686 578 -588 36 918 -857 -774 125 482 -16 306 149 327 777 298 193 835 -42 -497 172 -454 -533 832 -289 -651 -235 349 578 -396 941 18 546 -26 -257 -797 -627 -268 270 410 464 807 477 154 -466 -466 535 114 
-799 83 -279 952 288 529 -126 331 148 -76 902 -643 249 64 511 -274 -259 985 -674 -629 -731 -186 -747 -796 406 633 -652 -497 -379 -571 363 570 35 -420 -473 -640 -814 -940 208 -827 -149 -107 642 25 115 -587 442 -312 469 761 787 707 528 -317 926 -765 -693 -538 -896 794 190 296 641 810 -647 -738 119 -556 -173 -536 246 545 -629 -280 -440 998 349 -17 -132 788 -950 -810 109 682 -198 -175 246 209 965 45 -193 221 -998 -815 -722 970 995 959 -447 516 
-566 -774 -985 328 729 -323 -701 357 179 -203 347 301 -852 310 -705 942 475 975 -563 457 -858 536 -411 -805 446 -519 -961 606 341 -326 -917 -695 973 847 -485 523 -415 -108 -466 572 126 754 956 -666 -35 -696 -30 881 433 -334 364 378 555 47 -90 382 238 -452 134 -820 838 -79 -996 -402 -902 991 411 -420 733 608 555 -764 -575 -829 728 465 601 398 -997 605 63 2 -639 252 -287 173 -924 -253 5 872 153 -290 221 -31 -267 801 -179 -967 547 -527 
-810 -223 -360 -726 -673 -71 833 971 31 200 -725 -545 611 763 527 -973 -716 616 -35 400 70 273 -224 -809 -459 389 143 464 260 727 195 -220 717 -92 141 86 -520 5 -338 134 301 871 -537 963 538 -499 -852 998 636 462 32 -766 571 -148 -652 197 274 402 878 405 -40 497 -557 7 -389 376 -9 678 -288 848 216 444 977 363 252 -16 323 821 -388 687 203 -441 64 274 -575 -371 -420 834 -504 144 867 -15 264 -4 -834 320 -945 517 -729 463 
-375 -30 289 992 -972 -239 86 895 604 -471 108 -814 111 41 235 301 496 -198 5 -345 -432 -74 -164 -81 494 96 476 -833 130 -701 -758 -581 441 -52 -932 510 -348 948 470 883 136 690 310 -229 964 -454 -109 -147 -886 -639 -969 -728 466 989 58 -309 463 622 537 332 371 -821 -863 -674 796 -244 -499 244 -827 458 469 -947 587 -408 -171 833 342 391 249 -159 288 -351 157 -167 651 537 -148 -914 103 227 -758 159 -60 -426 -247 -181 218 -375 530 -48 
310 641 198 -852 -375 176 -500 -318 775 -353 -529 17 834 120 -37 -247 377 223 -64 -22 -74 -126 -139 -224 928 -231 -394 -884 543 -131 278 -679 -8 596 871 -909 -4 -317 306 -669 969 -396 505 562 229 -950 -869 637 -48 -628 773 878 242 98 -563 -448 -844 -464 209 643 -832 -774 -16 57 -793 -924 477 976 214 -314 -146 487 -508 571 -49 846 411 949 112 -412 -910 28 861 -947 609 -929 -468 689 45 -894 -267 -801 -159 266 998 -941 -945 -811 -513 -895 
-729 -149 884 -620 -970 122 -721 -941 800 607 953 335 282 -742 210 -81 -130 906 -77 995 542 -46 -931 299 707 -260 694 689 -404 625 -106 807 150 488 468 -397 -244 -798 650 -285 926 729 329 -418 -867 -77 -818 -864 -612 730 257 -194 -10 761 179 -559 -695 -559 -522 312 682 332 747 -602 865 -239 -188 -522 -350 528 230 -750 -287 608 712 298 -280 -679 -58 941 351 293 -972 420 -366 -710 -115 964 -328 900 -300 351 -137 506 -116 -776 398 232 -184 2 
-26 -249 -903 -279 -679 670 39 -10 88 403 -315 144 -228 -721 -772 993 450 459 -531 -446 165 671 309 -162 -199 -698 219 48 -102 420 -327 394 -620 -535 737 -236 -342 -489 230 598 -6 -679 -131 -421 -849 997 -206 164 -709 -531 -790 -190 924 -756 -486 243 173 -736 -130 353 869 -757 -781 935 285 777 -10 -191 -218 756 54 -692 -143 123 -543 175 56 -356 -368 -805 2 -786 -997 -807 403 86 -672 -331 269 679 308 909 978 -879 -779 -736 793 -27 -578 456 
-428 -996 -422 -727 47 460 78 960 279 536 -928 -551 -652 35 964 331 111 768 -987 -363 784 -450 -648 208 704 72 -535 -712 -490 714 848 -846 268 -968 19 844 509 287 -945 -433 -6 -551 -252 -874 -729 -735 -545 -730 -75 943 93 435 782 -917 983 23 150 208 213 -857 -894 -371 710 -350 -435 173 289 828 870 -235 290 740 730 287 353 612 -870 -574 302 129 957 713 -439 -821 892 11 -203 528 215 753 -120 716 848 -735 -190 -137 938 304 -841 -232 
339 472 118 -719 -634 -732 -950 -648 606 568 -492 652 654 -992 -172 -314 -562 -289 -748 -598 -261 -128 -437 -746 -325 -332 117 -837 970 166 724 -432 283 995 -966 31 -367 429 104 -782 -878 698 -934 -246 379 969 -773 -627 -815 -277 320 -9 0 113 145 -141 -235 -98 -586 606 -530 647 -831 207 -609 895 -579 -271 -195 927 229 116 -101 -344 543 306 -639 986 -806 -157 -862 436 40 -525 -644 -647 -531 -537 413 -946 613 10 -706 -753 -473 383 -804 -602 448 -406 
-464 -952 767 207 593 813 532 -518 904 -303 724 430 -318 741 549 376 -219 374 945 418 -950 -972 376 652 756 772 593 599 683 -788 -226 -434 -125 583 -333 -468 913 -807 -93 -532 376 872 -160 345 2 -187 -731 137 -725 494 -536 -917 -186 242 853 809 -785 653 -575 -417 -307 81 936 69 24 -646 543 -422 687 -708 -213 312 -599 902 -863 617 -620 -418 -889 796 -53 -288 296 -382 -173 -60 127 793 -831 -342 -729 -319 -784 628 771 67 -539 -752 699 969 
276 393 830 688 -662 856 -386 761 -13 -240 797 -40 -730 -984 752 -631 -325 598 -952 -405 473 -274 703 -716 272 -908 820 144 -284 193 338 107 60 -233 857 -772 -493 251 464 -286 560 -299 -922 418 393 -839 -948 655 799 -316 291 -203 -593 -297 -439 771 -760 -427 -424 635 943 -773 -640 825 -787 -772 -916 -740 740 417 -520 -933 585 -410 959 213 -239 896 909 469 937 858 -992 -975 -672 293 -362 -258 -998 48 -199 -921 722 84 927 141 323 -295 874 447 
225 -428 76 -529 -479 -791 -357 241 267 688 -129 -491 -729 -329 -825 819 -644 250 -725 -32 692 -777 -742 201 -407 467 459 382 932 -525 315 -303 -622 640 -720 134 -921 9 -859 -505 283 656 690 243 -516 141 -419 -377 -380 379 662 683 -811 -43 -924 -948 -203 -486 323 946 -397 925 209 -732 267 34 850 -700 762 -72 644 -506 -812 552 685 912 -643 -17 -373 162 410 -761 694 -473 249 429 -610 613 -483 -590 -641 259 -108 147 -501 -877 -813 -472 -772 537 
-265 -620 523 541 738 -677 -225 801 310 -557 152 -300 -509 -447 -33 685 -374 949 101 -775 676 -428 -804 532 49 75 265 290 -552 801 460 2 -593 665 -780 643 -388 132 945 -38 -82 843 -631 -534 -801 732 -721 -817 31 219 4 -308 829 -902 -375 -714 224 -743 19 441 514 310 -611 -121 81 -253 673 784 919 164 425 -964 -935 -438 495 572 -165 -422 -534 149 -594 -284 546 -644 -35 -364 -8 -800 -112 881 -173 791 457 871 98 -345 766 -376 -184 -724 
947 83 462 997 475 -387 -309 530 -278 -497 -889 579 -612 -912 118 590 -764 74 -976 -667 216 -901 600 626 -769 190 616 11 -229 -85 894 -475 -364 -759 730 -491 744 240 373 310 955 340 -438 -937 -508 637 -738 -669 468 176 -926 787 642 -979 561 643 -739 62 431 588 -651 -145 -824 313 695 283 579 -227 526 544 190 -423 -782 -878 -531 895 -796 755 -631 285 -239 755 -676 305 911 -897 541 230 437 -865 674 783 626 -634 -892 849 76 -455 -570 368 
134 993 666 134 -35 647 363 648 -210 592 609 93 -684 644 -78 384 -855 -256 284 -177 971 899 134 75 -868 899 -938 -457 -359 -551 876 -209 154 -948 918 -413 21 534 513 -602 -756 783 -949 900 -586 293 -751 79 776 179 976 865 -931 404 -45 250 385 157 471 -926 -487 294 -675 0 -430 524 -66 -571 -977 -130 -606 -63 -467 -229 -41 -390 -398 -872 546 -219 -43 266 291 768 -22 269 403 -744 -299 242 922 -895 726 799 620 470 574 -489 952 -268 
25 775 -423 802 258 -820 -42 565 -881 -148 -62 -806 569 -977 -85 394 918 611 392 965 -591 -745 506 -921 -42 -493 -176 -805 -866 -113 -399 -176 -43 -943 -671 120 531 -625 992 -116 -918 502 395 6 398 395 -608 585 504 -169 -296 797 -278 -704 -968 -17 -721 37 -367 -739 181 -384 53 233 472 -687 -685 941 293 -376 -490 850 -872 670 727 584 644 530 634 -67 -138 875 95 267 445 -667 959 -427 189 739 -51 767 -625 617 -90 -418 658 515 -804 757 
925 993 992 -607 15 79 477 418 -695 618 400 -870 -242 -330 229 340 728 -137 203 25 479 18 -706 -191 55 -448 323 563 -271 -77 -799 827 -357 -397 225 242 270 684 82 246 -267 252 -123 294 807 -304 -992 -322 139 -108 599 -739 699 919 -630 230 806 -974 -960 889 -32 33 980 -759 779 -549 975 -989 248 745 -746 -743 516 -63 -104 752 -96 -602 148 -146 -506 595 -72 -769 497 424 735 -216 228 895 -240 661 5 187 -106 795 -886 955 -716 -884 
-934 -903 -75 -647 -569 714 301 314 0 -338 -975 -692 -754 -811 -252 -312 453 -426 -821 -288 -55 448 638 -907 -112 -290 -864 152 263 -64 711 -243 535 -957 776 -272 -342 -871 -575 880 -674 -926 -811 -48 793 -306 616 394 660 881 -310 -644 994 -509 290 -729 -428 -207 -397 -386 -668 900 567 560 672 -427 927 -190 -846 -971 -895 -150 -12 -279 -63 -570 -772 526 949 262 -929 -594 -333 132 -904 772 701 957 846 -69 -464 443 323 21 338 -814 24 611 484 -834 
188 9 709 405 590 -516 745 -483 -312 143 -622 686 792 451 585 -933 332 829 -755 708 907 -797 670 936 612 233 -668 133 797 656 -354 -884 -376 859 637 -24 110 -62 -368 -784 -207 219 896 522 -550 860 413 -412 688 174 228 -603 228 -453 -86 -434 -961 -847 -942 895 -22 648 397 425 -929 289 31 -293 -643 -670 24 22 902 -207 -897 623 604 508 927 514 892 -721 -845 -138 -621 -617 346 -676 67 -5 46 68 829 -555 18 -335 175 -674 506 672 
376 -97 -328 785 -817 -277 -86 -438 133 703 -399 727 -185 -425 406 308 303 -627 747 624 -887 -469 -57 332 -967 586 254 -905 101 41 -794 642 379 444 -734 -885 -192 -301 54 -901 -711 376 163 -19 -682 456 650 992 221 -794 249 405 -641 856 -149 -141 93 -390 -577 -651 -85 194 109 -454 -992 265 614 -663 -899 974 815 -507 178 -5 -564 -795 83 -63 -673 889 162 -223 789 515 928 748 -263 903 -606 -835 292 870 101 890 -323 -529 824 162 151 395 
234 717 -307 -88 -765 -290 -532 -31 725 978 -553 255 -817 -974 -155 -642 -473 -609 -159 -369 -821 787 -185 9 596 -659 243 -409 -210 63 -634 -542 204 -203 -57 540 -976 27 374 -711 349 99 301 -451 180 -587 780 -749 -443 690 -236 -602 544 676 184 -57 -959 504 -375 463 -388 288 282 159 708 151 496 -424 319 -383 -616 508 -349 90 -737 766 333 -161 799 -35 170 -691 551 -907 220 -687 870 -129 -786 388 -519 47 -587 -124 822 -213 -394 517 -790 -304 
204 799 417 59 -732 695 148 542 -179 -896 518 134 -605 -344 550 117 -976 800 568 -743 975 -947 -127 417 -89 396 188 898 751 -526 536 381 -480 994 298 770 -970 596 -927 57 -369 273 -656 -198 555 116 -414 -625 916 -121 -107 -758 -248 -285 756 -964 758 260 -277 67 234 -256 -313 -844 526 82 -509 250 -723 -631 -845 931 388 346 661 -844 689 -423 -893 766 -849 694 -346 -776 -40 -320 -523 862 -308 -288 680 408 -622 26 800 -648 -475 -43 826 283 
685 786 495 -18 854 -810 -781 -674 -67 838 -308 -680 -912 -877 -115 974 -406 681 -31 390 421 837 -131 15 276 -577 -891 -328 12 555 932 647 -984 -455 656 -959 360 -255 -704 1 -845 572 80 585 -685 -968 -452 625 -410 46 -365 -598 503 -294 -96 217 455 65 340 -901 -681 36 737 582 -23 -996 345 -155 -187 495 -2 -291 678 -262 887 -75 230 712 -367 -325 -387 -162 795 -456 942 -404 366 -953 -346 -395 207 584 -501 -282 -73 844 329 -211 -298 -918 
-798 135 -802 -779 187 17 990 -737 178 398 502 381 894 -682 -269 928 694 -3 565 487 -664 693 -501 279 -254 191 -155 138 -524 457 243 -522 -437 232 995 341 -747 -843 -672 302 -835 280 336 421 469 -660 -366 615 822 -853 275 891 834 -647 -749 860 269 892 67 77 651 -72 178 -326 67 195 499 -523 -686 -795 -646 254 -834 324 -926 -249 -341 566 -715 -125 -697 690 566 -776 628 -827 857 739 -734 -532 -721 -95 574 -309 732 84 -156 332 375 -819 
807 95 -419 746 -831 -593 -944 469 567 565 -189 -100 -664 -809 -304 -811 747 -849 691 193 -665 731 21 921 -96 -165 -617 -884 -718 303 50 -405 620 -815 50 -963 392 -887 610 -64 239 -992 -94 131 590 393 -96 106 347 -64 -2 -730 -595 10 730 -116 -818 482 -602 -378 -161 916 969 -341 578 273 462 891 128 192 1 260 465 980 162 -109 -60 -750 268 -506 -364 537 -131 975 151 476 -783 -933 707 -340 -466 556 151 -588 -441 -85 -856 -210 -275 702 
-638 777 -10 61 -607 998 -201 -887 -390 470 -676 430 -438 833 850 682 -407 -918 863 911 585 561 -840 535 332 -180 469 -969 -816 669 311 -247 157 -39 26 -764 632 -728 -301 -304 170 449 -823 289 546 277 822 96 -366 -238 936 488 607 -69 -435 733 497 -15 339 781 -635 -979 -63 647 -240 -150 -934 -279 403 -752 501 -609 -269 23 91 -635 -366 -507 -859 -59 388 765 27 674 -101 810 -911 -686 -448 495 -874 451 -171 -196 -174 818 679 -951 -552 638 
-747 250 -32 -899 -282 -205 -585 -542 512 -763 908 0 859 -548 703 922 994 -932 -449 467 -140 483 77 268 -493 820 841 854 -150 -897 556 -691 956 340 -719 -474 -62 -596 -472 -627 351 -652 108 -348 482 743 -348 -33 525 447 -737 908 602 -959 873 -58 889 -28 655 88 -837 -630 645 -728 779 19 807 -48 794 -411 187 962 553 740 -927 -500 733 477 -565 -895 -199 -924 88 54 134 -434 -679 -521 -108 863 856 -984 565 969 53 -95 -749 -820 129 745 
-929 632 -985 -90 -212 -664 -150 -477 -951 124 -697 478 -608 741 -999 82 406 -202 620 -379 968 234 -867 -778 -358 519 776 -772 -710 747 0 -54 -211 400 -334 -94 47 766 334 -313 277 219 10 -565 286 500 -739 861 -722 -986 628 962 -334 -707 149 -230 573 359 456 -596 774 -421 986 597 704 659 903 -484 -122 -914 -862 -227 -489 -696 963 937 -427 816 292 460 308 -437 537 -744 630 -100 195 360 436 -896 -681 -119 -793 -397 -480 538 -168 -711 -897 23 
-969 -700 977 806 905 789 -174 -823 31 -483 806 395 767 452 -467 -559 371 -542 -269 575 -190 261 -828 228 -715 -72 -506 -230 319 -530 -545 821 365 -159 636 -25 842 -723 662 -637 -65 -446 -447 -926 972 -455 251 483 825 -563 -954 551 532 -616 -466 93 -235 754 -745 -262 845 -210 607 -597 636 -346 -787 762 -161 -353 -72 384 802 300 -593 411 -972 213 762 -645 -506 -635 -915 131 -437 384 952 425 34 -231 114 505 686 -240 -746 -182 -380 376 815 -35 
-685 735 -873 -177 31 436 149 891 743 -373 373 615 -79 -362 -527 241 -240 512 -822 110 540 967 -627 -526 -389 747 891 -504 -846 -531 404 -992 713 289 130 -167 -373 481 821 300 606 -757 290 -458 726 863 917 -902 743 -388 156 239 803 -589 310 757 -780 -226 569 -439 -16 543 -422 416 -215 -300 -880 908 376 108 145 132 -920 -479 -579 592 282 -582 -17 -835 666 30 -501 -746 -201 -157 813 101 166 377 646 -233 -255 -395 28 892 -172 -127 846 232 
-691 -330 876 764 761 862 633 430 387 565 879 -93 -231 255 556 839 56 -470 273 94 157 -217 184 805 -335 -348 -934 -739 865 475 -939 -96 -866 -651 -346 -296 571 784 -551 170 993 -773 -397 660 487 431 54 388 922 -688 363 412 60 80 -427 -356 -273 -797 981 704 -562 -693 -498 927 -826 -16 400 103 -237 574 -103 -948 636 -638 565 466 -490 -337 572 -605 -207 385 -840 -301 -519 124 996 -893 -450 27 278 -695 667 284 -275 461 -644 508 -993 -128 
-544 718 -323 -185 -863 333 -448 663 846 862 -966 -585 729 584 715 655 -141 -904 489 -690 -82 569 -221 930 472 785 -824 -310 331 120 -925 -346 333 -736 577 30 286 723 98 -743 852 867 132 939 -567 419 -861 -568 768 -977 -726 -943 438 -679 423 799 -121 69 -859 385 956 379 913 470 -955 -512 -637 -41 -58 466 -251 657 -612 -263 154 663 -63 664 807 -746 315 -23 475 906 739 -886 674 -507 -204 163 328 -882 -340 -653 -276 766 -234 435 145 -375 
618 -105 -934 -648 -703 770 -724 63 386 -668 -620 -894 -443 16 -994 -703 458 213 -396 253 606 622 335 -937 -7 0 -889 -676 -386 429 305 -544 -272 -217 -882 848 -59 -835 -240 870 618 652 609 505 -86 595 -659 -455 -407 -858 713 -471 605 -16 -668 384 396 -80 -467 -662 -930 806 510 98 -735 975 -376 952 -899 355 284 806 -848 -877 344 228 -829 -989 -130 -952 544 -67 933 -428 -673 -950 -24 -411 -955 843 175 -647 -923 434 -162 127 886 657 -332 -935 
-985 -250 -643 -578 100 445 -603 655 -901 167 -824 -962 282 184 -210 -166 517 -409 -142 -39 207 827 -862 -262 -381 558 -359 -666 649 -276 -550 15 -47 145 608 887 -657 89 579 942 -125 601 938 555 860 -303 -130 -782 983 511 880 891 -179 -353 647 -321 -644 723 662 -350 -67 654 -153 -937 470 336 -395 357 85 167 718 -295 807 -661 448 316 -853 924 -812 -610 377 -885 -701 -670 288 -852 -640 -978 519 -185 3 -770 465 -998 -903 663 691 -244 -576 127 
588 646 -381 -598 -434 515 355 258 -448 -110 -636 -616 -348 -27 946 -446 -183 -896 -372 -898 897 351 -974 893 -271 297 920 514 -745 -297 -693 -989 -234 311 184 -504 -225 867 584 925 743 665 -873 267 -465 960 -701 172 93 750 169 -682 -255 273 643 447 99 972 853 783 -84 511 789 -941 -154 174 145 -289 317 848 -105 11 260 -176 -150 -252 655 -380 -214 914 81 842 -629 -62 539 202 152 -513 211 199 -18 744 729 968 0 -562 49 -155 8 -12 
-156 -736 565 648 693 -201 -719 -628 -208 930 -824 -763 -844 -70 -52 15 -681 -91 -95 -171 382 -726 -820 -837 208 -382 707 -253 592 -580 -790 -260 -428 -634 205 640 -730 -636 838 -927 -628 -820 224 630 832 391 -184 829 941 -2 756 213 518 205 700 283 -894 277 -634 639 -789 -942 624 886 474 -440 -858 -280 -706 140 -18 234 625 406 769 323 -899 -832 -230 -462 942 558 59 -733 -599 917 -458 143 -985 -642 340 -557 241 689 733 -826 -829 -452 -610 127 
373 -253 -50 475 -331 49 -736 39 -174 496 174 791 -818 421 -885 93 516 -336 194 722 46 282 271 -322 -633 571 -355 367 218 -89 -410 -934 -875 738 -314 480 -7 22 532 -7 -521 132 819 -362 -786 366 -820 634 550 -85 809 -663 -589 -991 323 -203 402 -441 -298 935 -712 225 -528 825 939 110 497 -472 -857 588 833 -342 -108 -409 -291 -341 215 14 630 470 -761 -937 -572 -202 -656 -972 -177 916 408 527 -546 -225 407 -541 453 -727 216 -218 616 24 
-835 616 -286 -499 -73 238 689 -1 868 -442 598 -900 634 56 413 928 -89 955 846 996 940 -950 -691 -137 -737 831 107 514 -52 -397 929 539 626 -787 -556 -508 517 -265 149 441 280 798 -805 50 -195 419 866 147 -432 -771 -695 -339 -962 -382 -424 485 -522 532 668 59 -673 562 -646 -182 -391 -187 494 806 -234 735 -771 914 -46 814 -617 270 -911 -345 768 651 -178 -7 -170 -873 772 -796 -883 285 821 491 -625 424 -297 869 700 -96 -895 656 -796 104 
-574 -588 302 -126 379 -461 425 -182 292 604 380 -944 940 413 -408 -770 91 745 -964 580 849 744 499 -276 -552 168 764 454 -410 -578 -438 -243 -418 -685 -341 -596 -446 -955 171 533 -323 794 -334 -181 -999 -301 -499 72 739 -873 0 428 815 -663 369 -123 -634 -711 -1 -82 251 51 645 -853 -820 161 487 -671 389 -443 -618 891 516 -481 214 -801 -956 120 821 849 963 866 201 -164 161 909 -110 -37 -988 -831 570 -416 636 -584 0 -905 486 285 -103 5 
405 -901 308 -157 607 -949 -262 751 431 4 -770 976 -382 -332 422 -729 -393 -403 359 -454 -295 -287 -715 -757 -819 -203 -427 896 -228 -668 37 -188 -360 -71 -210 -459 -554 607 -394 -786 -748 750 -323 125 -936 970 -245 -816 -363 503 18 469 911 -300 75 861 986 295 -839 -840 647 -708 233 297 -73 -755 -960 -319 758 701 352 428 130 -603 -721 -811 -943 419 -760 -284 -252 619 -810 -307 783 566 975 -101 -206 -468 800 195 -849 297 976 -909 -553 -715 -644 720 
-970 159 -140 619 395 112 -388 810 758 -173 -635 -995 -413 419 -266 294 -673 -620 -111 -446 676 642 -711 87 798 455 763 734 -955 -437 -657 816 605 -8 545 612 46 768 -178 410 522 -119 2 437 307 235 422 -595 -974 -930 513 663 811 709 234 970 534 -53 -23 -137 850 549 3 -311 47 357 -114 -601 399 454 695 -335 411 310 -369 961 -792 -882 -832 999 452 -291 861 797 -498 -324 329 930 -236 -954 491 -274 -155 -921 -840 698 -835 -398 -321 175 
-183 826 17 392 -228 -295 -234 -410 946 -331 -343 -638 3 -73 -421 238 389 83 71 381 -236 611 -37 390 -320 134 -696 -667 -757 216 299 6 -283 436 -845 -113 834 -671 105 890 465 -938 394 845 -456 -298 -279 -408 769 -423 707 638 218 -117 -900 505 -639 88 834 380 651 327 -225 987 -10 228 965 188 -474 -381 -921 245 13 -996 -980 -318 -881 -411 231 -865 663 702 638 -590 -173 -525 91 779 -783 818 -449 -747 719 550 5 444 266 972 -768 -655 
-379 -208 -903 -560 -868 -406 -233 -635 908 799 82 412 -256 677 842 -115 821 789 -905 -134 -190 -208 -890 966 -589 984 142 681 451 -440 -725 694 -336 -285 747 6 710 -429 504 519 862 -187 40 -160 5 514 855 -734 532 89 -87 49 753 -719 437 21 994 182 268 -70 277 -505 756 96 -775 -928 -561 -904 -561 -153 -127 -253 -385 -204 -304 -400 -596 -973 -385 96 351 11 673 -101 595 -522 -95 995 327 -799 491 -876 448 -832 384 -470 97 584 670 920 
-6 -731 288 29 -489 -648 -410 -132 719 55 -242 503 393 -235 223 744 250 962 -687 764 849 79 997 839 453 -443 637 -476 569 -212 -583 722 243 -65 -591 -985 -204 192 -285 338 -465 315 -874 515 -240 21 -706 296 745 -804 49 -226 -198 924 578 -28 -149 -212 -985 795 -192 423 -735 -908 688 17 -718 -176 321 269 -854 868 -629 -582 400 734 211 404 -874 418 766 -830 -140 -863 550 -242 -12 578 186 810 75 796 -809 -628 -954 273 728 -481 -499 -64 
-666 -801 -505 966 -330 -644 109 73 73 -32 -950 -392 -246 -840 -541 994 -221 910 700 -752 650 -694 -777 -839 -348 -684 694 -719 -800 885 269 689 -151 128 -45 605 -632 4 -491 671 -547 672 108 20 -909 445 987 838 -716 108 -853 -17 -284 476 -431 -567 -615 -59 -774 601 -344 -329 622 -953 -320 958 -553 124 430 257 252 582 -990 -474 715 282 -343 667 -281 462 199 -914 383 697 -976 993 -612 -56 -908 523 -254 -463 -954 -246 99 -640 -432 895 -94 -958 
-508 667 -813 -729 503 -854 -588 -14 208 819 -314 -985 -772 -408 601 -578 -918 710 378 -290 -265 -670 155 435 889 -62 -830 739 258 391 891 126 -182 -626 -981 -133 -442 390 971 871 138 -252 -819 992 -811 -875 -121 98 952 -890 681 737 62 671 -397 720 -918 -92 465 329 -659 588 433 371 125 895 -81 344 -18 -562 -54 75 -778 713 -705 -750 824 968 -447 -12 -514 849 874 -618 937 -765 -436 510 -228 237 -823 517 872 -923 -635 169 849 99 154 -869 
693 -730 -710 166 105 378 927 -242 -916 697 -926 -776 637 436 -541 310 -613 877 22 288 -466 3 574 -646 -22 -152 969 811 76 -215 598 631 830 -233 855 -811 -934 -974 373 507 726 -791 -610 -357 229 -402 -123 -402 -414 110 437 407 -239 69 -127 454 598 -363 -536 865 600 134 -697 425 216 -389 -956 -943 -2 659 333 -416 -118 654 -411 -944 489 -849 -732 -430 0 461 -326 755 -611 276 -908 415 674 -281 -798 480 200 -693 -542 182 870 -469 -504 -223 
-652 892 923 296 993 -843 -816 199 -928 401 -670 -836 -450 -167 -500 92 717 150 -409 683 -899 -47 812 244 565 28 -146 -826 854 -747 -491 206 24 49 -883 -550 -981 -38 -258 845 -710 -805 967 908 -131 547 -292 -636 -163 -255 -662 -627 -925 -536 742 -525 -255 -579 -267 -971 -370 971 -505 959 884 809 630 30 843 569 156 -832 -831 89 891 301 955 281 175 805 301 -167 -705 390 926 912 -658 524 288 699 -58 -220 183 -884 733 -570 -536 -769 -815 -679 
-339 -922 -585 -153 -218 469 -946 209 -994 -498 159 -499 -139 -22 296 779 270 -540 704 647 -449 374 -294 943 -494 500 -280 202 -702 -315 863 -891 437 538 -7 681 -192 678 661 -462 -539 -884 913 781 -910 519 943 770 790 -918 -195 927 -491 568 0 -52 676 850 91 -176 876 29 630 276 828 -314 -524 743 966 -996 -78 -650 368 -51 -663 -603 -673 -56 137 -768 141 -491 825 228 -675 83 -160 340 543 77 -367 366 664 378 805 -101 318 280 329 -128 
2 -816 -714 156 335 236 572 -968 -929 -447 -911 873 -229 96 -864 -35 79 -798 -376 -721 464 393 -637 -10 609 -271 -925 -55 -44 -702 159 410 804 818 -421 417 -324 -469 848 510 -334 541 314 -786 -789 -682 712 444 985 -837 -458 -560 -956 175 849 -303 -367 -909 883 -49 -453 129 -346 -504 174 -885 448 690 724 -860 135 502 -484 686 -486 -805 -434 848 -364 493 506 -715 239 601 -252 -103 -66 -422 337 726 -622 -263 -424 -868 926 -245 866 -233 -330 -197 
380 -262 -488 378 386 418 -372 -264 352 -531 980 749 119 24 352 960 805 166 -658 -282 -30 847 843 10 -348 182 -352 513 -845 -568 793 965 -594 211 672 -184 -927 524 312 902 -267 -589 -903 -477 -314 699 -117 719 -897 -780 405 790 351 -949 -131 907 -918 -741 856 495 695 -895 -824 -675 265 -976 655 -760 -224 -582 386 -231 -530 -973 -374 -114 374 625 -194 -165 -965 -947 -466 415 -357 859 -315 -974 -970 -656 -816 420 523 452 -449 -174 249 31 771 737 
-27 -335 986 -369 -61 -668 524 -866 659 -373 -960 413 618 -284 189 905 -792 -973 -27 -286 643 165 54 436 -745 -918 488 -985 442 922 -657 -883 669 445 621 346 835 -204 -398 -952 -156 759 333 666 -685 265 65 -733 -246 -797 -187 -487 -947 81 550 -363 -85 647 115 937 -580 308 387 930 -682 -463 -508 -269 -738 -371 834 155 834 36 667 806 460 -661 -998 -600 821 803 858 489 -334 -113 202 -25 673 165 212 -626 -34 -271 -603 399 -244 -996 -382 -242 
-977 -914 971 -305 913 544 -880 -59 249 -259 996 678 -449 260 -614 673 823 124 -261 514 -325 19 -858 -962 -728 468 925 -982 -343 -669 -291 96 -240 777 278 961 -890 0 -43 -9 -982 -140 752 -374 859 -995 171 -755 125 -601 425 616 543 650 -38 597 -160 -118 628 -419 666 825 -818 -480 393 -122 -924 257 -24 293 -80 -754 -967 -646 46 776 -480 -771 -937 516 558 -63 -265 991 -678 427 92 98 -306 -260 91 -608 480 460 34 -962 -630 332 34 18 
210 -330 -168 -177 636 147 649 683 -975 533 -629 609 825 -229 -932 -291 160 -108 -596 -83 -177 982 -62 -106 214 328 -438 600 -49 246 195 655 357 -121 -376 -126 -870 241 -270 415 -262 348 -478 -977 -321 961 -175 -859 28 -833 -803 -340 327 958 849 204 858 289 -635 273 -11 -7 843 442 760 527 -667 855 161 -856 -715 7 936 -442 -630 -452 617 69 764 623 314 -161 -994 -471 718 125 -797 738 -484 -222 335 133 376 216 230 193 -856 -772 -382 -618 
0 -464 -354 819 -278 736 -383 675 -2 383 762 -996 -716 -595 -3 572 -525 -147 564 -204 60 246 0 5 -998 -56 576 895 899 298 -335 -628 -771 -568 61 -380 -656 -279 -7 -640 482 556 546 1 773 -832 368 -732 67 571 -66 -322 -70 59 352 729 311 514 -629 320 289 345 243 896 -475 579 858 -517 775 839 656 755 464 -290 137 185 632 -516 -353 -594 -766 -22 914 716 614 -801 -197 -1 469 -546 -860 123 -42 979 659 27 747 632 -684 -275 
1 287 434 697 -978 -147 -511 -115 -478 -963 164 306 793 -406 -977 -629 -189 -945 -33 94 -132 -327 633 -5 562 990 -804 549 475 812 -880 -238 309 -866 -34 -178 755 801 98 -483 870 112 637 -857 362 -375 -419 464 -906 -305 -29 16 -29 332 572 -285 847 623 220 875 702 -906 552 -883 -556 -569 262 382 -101 -411 -414 223 709 299 -279 -305 204 822 604 -475 343 800 163 -333 -531 -215 234 561 699 950 -389 -486 -561 -361 608 -277 -904 -543 815 -263 
-534 517 67 173 249 150 -843 982 -800 -486 19 -792 -38 -230 -613 239 -119 206 165 -256 -550 332 -768 11 947 -497 -41 564 -20 -490 -802 -115 -754 -665 69 504 -144 -411 -575 -873 25 -208 -525 -382 -651 -818 -808 139 -769 -239 505 -399 -130 402 124 538 -677 995 -18 -983 11 -991 -856 744 -412 594 488 -403 -169 -860 522 99 759 -129 -533 301 -422 708 -491 358 750 -634 785 -424 -300 -617 -12 -105 -391 552 376 725 231 109 951 -711 478 -156 808 -819 
-289 778 383 -486 -266 -57 635 -116 978 -270 -842 -495 -429 -394 468 258 -92 -858 503 695 598 -848 -633 -525 -890 94 -449 -868 -361 650 725 -511 -856 -644 -528 672 -869 122 797 422 978 -834 239 308 -944 -629 -744 678 837 208 764 863 -711 968 637 -865 -524 -377 287 835 323 356 -892 -327 -505 -89 418 566 840 -598 -498 67 858 -392 -8 -555 -122 -764 -572 504 614 -633 -428 -697 163 130 -689 884 -698 -200 374 946 169 -254 392 -170 -252 -18 -819 186 
-249 -702 445 165 570 972 -555 -81 -519 752 -18 -156 -332 96 -812 -377 -544 844 -565 -277 660 -836 638 945 -601 -617 187 -757 -9 296 -295 231 -332 53 -566 -475 -730 983 31 956 -107 596 -531 292 710 296 -677 951 193 426 885 -751 933 848 613 -605 608 -116 474 777 90 448 544 747 251 -419 816 -100 225 -370 -136 -506 -220 501 257 -456 -234 -432 458 8 687 760 -977 625 243 -191 488 987 403 -487 950 -95 -332 -855 -345 541 -26 992 291 473 
481 -283 842 -44 844 416 986 696 -442 -289 888 484 -202 810 -352 -973 -40 447 211 833 -894 732 210 642 -634 147 -257 -448 300 -56 910 -201 -745 591 681 -324 -688 -358 -505 -79 797 571 354 264 -721 -132 109 523 350 -128 360 350 -649 -987 101 949 -410 324 -618 -519 -11 473 -998 840 -179 -543 -664 135 -285 233 614 -174 -199 -790 -332 -695 579 -939 -872 -297 678 76 952 -78 -650 935 -280 474 -905 -368 549 -453 -430 811 -68 617 254 -744 928 149 
920 669 941 -971 -376 321 -141 -885 849 -559 207 617 356 -541 206 530 -666 109 -333 -227 -623 548 -966 485 -629 241 -365 380 122 831 -909 -660 397 -137 -513 -717 818 -661 974 -953 -164 888 -152 926 -299 -908 -870 -811 991 112 -311 -811 -893 -932 -182 890 647 -826 -819 -540 -735 -80 113 -46 240 -88 900 -402 -895 143 273 -184 26 471 -221 -655 -845 251 -662 -380 -926 -275 819 -965 614 -477 219 105 670 -972 -177 -375 -702 -521 898 455 942 -993 -743 161 
-807 -673 172 -744 345 -147 834 -416 345 -461 -418 425 -943 689 843 -968 -98 -785 -334 -228 917 934 -831 -752 993 -638 686 240 253 -86 -880 354 -130 783 965 820 400 -715 741 460 26 47 -385 764 -5 -55 -320 839 386 927 -145 639 -704 -20 -316 -933 -268 250 67 -834 -905 982 -580 -318 -973 -79 506 917 471 723 -707 668 -970 -53 -579 -60 -522 -748 401 625 -17 211 -463 -524 -209 391 -958 269 603 982 -834 -291 462 731 103 254 -817 772 42 -56 
-667 483 -208 -145 644 -908 -434 -649 -61 -549 -550 333 804 -166 785 -40 937 -302 871 360 462 954 758 798 -999 954 696 -221 949 -200 -119 282 36 107 185 694 -835 97 976 -611 520 -942 -10 -267 -8 371 -635 520 799 -616 562 -770 -892 -356 665 -590 -423 751 443 -740 875 -172 -468 137 390 101 280 -140 494 279 -1 -457 44 -872 170 990 -230 -775 21 -62 805 -970 556 -847 -881 555 333 6 18 47 415 -804 989 -456 787 366 -466 -82 127 -723 
-47 -221 -752 -361 -748 -209 -578 204 355 -35 617 -586 -954 122 -23 32 685 76 -497 214 -174 118 -472 -889 671 817 60 -412 804 24 646 857 537 -390 441 129 -259 -468 284 947 559 645 655 -959 -919 901 -372 -180 156 -457 42 -76 -78 200 421 -538 817 -715 365 -229 918 -454 829 413 618 152 63 -696 -630 -618 87 -524 -201 -745 693 293 529 967 493 900 797 55 -802 31 660 784 -363 -144 -170 -427 -144 475 495 -293 559 296 981 -582 913 -40 
